1032
5131
5959
111
3226
6540
1745
7338
7629
937
1255
269
4165
8908
4126
9884
994
5411
6879
1519
8834
9662
1178
726
5314
3375
1901
2942
7579
2212
5721
2021
7868
4098
7053
5803
633
8208
8224
5672
9542
3183
2991
9194
4280
8373
4542
3156
6146
7274
4245
3771
6397
5141
8682
5627
7268
5505
9289
6272
1034
4629
1159
5165
5949
8412
4212
4779
6784
7249
6232
2665
9716
9545
9616
5838
9122
4425
4366
8936
7054
6218
9065
6028
1984
1469
6443
1477
5406
7106
8314
7247
2290
2232
6377
8305
9085
3858
2349
1351
5233
3624
4311
4848
6987
3683
9465
5813
51
5642
8865
3254
4561
3125
1904
5511
6068
3149
7495
7381
4462
5093
7403
1902
6104
476
7385
6339
7287
2814
6924
9290
1614
2004
4505
4926
2926
3764
1266
6193
3313
8458
2566
4367
2895
576
767
2484
2700
3411
4258
6964
1375
9388
4737
6445
7243
2013
304
719
2328
605
7037
2361
6563
4630
1662
6861
8900
5947
855
5006
1161
4365
2824
7005
9834
2339
9535
3953
6228
5041
7709
8675
4170
9422
3402
5694
5311
3639
7694
1495
5193
8181
5044
1310
6529
4317
4447
4561
1740
8002
7617
9632
1999
4063
5025
3784
1590
140
7294
7893
5323
7099
9876
9127
7139
2611
1326
6563
8216
6497
9491
3032
1541
3876
986
6927
1448
263
3805
7943
8538
2276
4760
7599
453
8811
6893
9557
297
7098
5700
3109
7512
1688
7257
5121
7440
3001
400
4336
1835
1483
5701
7624
5363
2587
1620
8760
8197
3242
383
994
4563
3883
3071
6272
9163
7255
4208
6519
2688
4519
1741
8867
1163
2854
464
6798
8057
8257
945
2245
5062
1535
6921
349
869
253
3562
8408
8850
1990
1785
4967
3641
6709
1915
2753
1902
7413
815
1351
7142
9256
2749
98
1326
9637
8935
4687
1493
2675
6529
5864
8297
5928
7006
3570
7830
8952
1363
144
9647
7246
1179
7953
5577
2354
8211
8552
8216
3011
9674
6185
9025
3059
3277
4344
8305
5281
9683
9706
3597
4336
7367
6553
1833
3163
1948
2800
6728
1119
9647
6726
597
9898
3774
2526
7983
3255
5793
4943
6452
5236
3238
464
5095
1453
1532
7746
1537
9712
1800
5661
1208
2494
8881
3186
9596
7282
9060
8247
6964
459
7464
8430
7359
5805
6368
6552
6389
1579
7982
9396
5529
4271
6282
837
8049
154
4361
3478
2438
703
2508
8907
5428
5914
9272
6364
4287
9781
4978
8994
4800
7846
8194
5272
4939
8046
6096
3008
5431
5198
8053
7051
4740
9213
8162
2763
7734
8393
4574
3860
7057
891
2660
1086
6231
6583
1583
9611
2777
9939
6746
5008
9489
3970
9835
9071
1105
8999
4193
821
3004
1172
2503
6521
7572
2105
6958
2804
1554
9811
1400
2514
309
6407
275
8563
5540
2136
2285
3043
8256
2739
1204
9951
5407
8766
6821
1383
7147
293
4779
3804
5743
9492
1013
6794
324
7262
4835
7633
8898
25
3369
9235
7028
8930
537
1157
2582
1461
9243
3528
1691
5823
9177
2495
6165
8409
5411
3739
3984
2053
5454
9996
710
5050
9394
3262
8622
510
2883
3532
9848
1398
3822
6981
8372
1360
4071
6327
9240
6004
97
5146
7100
6451
8493
9262
1712
3047
1718
807
8994
4758
1394
6707
7235
5522
3860
3347
6724
1027
4682
7516
4301
5943
5958
5324
7243
9291
612
2781
1367
4612
3298
9739
457
839
452
3099
7174
9075
2596
6683
5955
3436
9946
5365
2314
6908
433
5153
7441
7016
9652
4279
6096
8592
8159
9561
2226
37
7768
161
8089
415
1774
9837
4930
737
3085
732
6872
6395
1318
1376
9894
1930
4536
8300
9847
4424
3951
1358
7789
1965
4198
6428
4359
3917
1696
8134
5300
7244
7580
778
4927
4255
7043
3701
3446
9905
6329
1001
4548
9117
6464
7783
2261
7341
3828
3241
1901
725
9537
9355
5166
8876
4659
1398
6974
7616
5059
4089
875
3180
7113
9287
2413
1232
4577
118
487
6224
4620
6830
5461
4594
1018
873
1798
1248
7144
7533
2280
4853
2837
7826
4540
1706
1139
3230
2596
4688
8956
9226
7112
7640
8598
793
7276
3483
4267
7172
2435
7776
5134
8753
8554
3311
9260
5891
8604
3726
6051
5894
5658
8282
8518
7187
1287
1890
646
2250
8431
3473
308
5740
5733
7952
6533
5352
6209
6554
9755
2642
5245
758
4468
5640
9327
8897
8508
6571
8262
705
8638
2682
4438
8838
3589
7353
3551
792
2767
5105
2523
8963
6088
2741
5349
5958
3248
4325
8528
1911
1545
6607
7620
9477
9274
2962
3177
4805
5424
3095
5437
9579
1873
6367
1844
9476
1197
7501
4154
6294
6046
2794
8216
3252
6528
7222
2657
5073
3633
4466
5120
3814
4089
287
5810
4644
8067
9358
880
2841
9212
3229
9380
5422
5545
1109
7267
1688
8875
4711
3728
8247
7911
5842
7733
2058
4929
620
6859
1996
5900
1639
3547
7787
4407
4502
4483
4350
3106
122
2048
7222
5730
9052
6836
5168
870
6844
550
6308
5536
7278
1441
6748
7650
9455
317
9565
3755
6630
4524
304
5828
2829
5713
4670
7192
2697
2035
8298
379
5293
1553
4851
7343
359
7636
9675
6587
344
8661
4369
4004
8689
9137
8998
2679
6520
8222
3732
457
6594
8062
5952
9622
7297
7017
4498
5928
7747
9688
994
3216
4528
9958
6117
6200
5867
2260
6104
8796
9287
4083
4362
7874
9669
3933
2957
3731
2496
9753
8855
5718
8873
6550
5836
6040
5873
1533
2540
1480
4256
8444
4778
9069
5743
2331
9264
7443
9638
6216
4407
9741
7819
3609
1633
6303
4288
1801
1128
4679
1945
3823
2673
5963
7498
7451
6839
2731
11
7943
1291
5312
7118
4467
8116
9146
1255
802
8958
3029
9921
1055
235
4865
5723
8688
346
7264
3263
6397
5574
8260
6569
1193
9209
7085
7695
411
7850
5596
1244
69
5692
6909
4253
3175
2359
8324
7293
2032
8208
879
3917
7051
4640
7157
2355